[[1, 1], [0, 0], [1, 0], [2, 0], [1, 2]], Hori, 3
[[1, 1], [0, 0], [1, 2], [1, 0], [0, 1], [2, 0]], Vert, 3
[[0, 0], [2, 0], [0, 1], [2, 1], [0, 2]], Hori, 3
[[2, 0], [0, 0], [2, 1], [1, 1], [2, 2]], Hori, 3
[[1, 1], [0, 0], [2, 0], [2, 2], [0, 2]], Diag, 3
[[0, 0], [1, 1], [1, 0], [2, 0], [0, 1], [0, 2]], Diag, 3
[[1, 1], [0, 1], [0, 0], [2, 2], [0, 2], [2, 0], [2, 1], [1, 2], [1, 0]], Draw, 3
[[1, 1], [0, 0], [1, 2], [2, 0], [1, 0]], Hori, 3
[[1, 1], [2, 2], [2, 0], [0, 0], [0, 2]], Diag, 3
[[1, 1], [0, 2], [2, 1], [0, 1], [0, 0], [2, 2], [1, 0], [1, 2]], Vert, 3
[[1, 1], [0, 0], [2, 2], [0, 2], [0, 1], [2, 1], [1, 0], [1, 2], [2, 0]], Draw, 3
[[1, 1], [0, 0], [2, 2], [0, 2]], InPr, 3
[[1, 1], [0, 1], [0, 0], [2, 2], [0, 2], [2, 0]], InPr, 3
[[1, 1], [0, 0], [2, 2], [0, 2], [2, 0], [0, 1]], Hori, 3
[[1, 1], [0, 0], [2, 2], [0, 2], [0, 1], [1, 0], [2, 1]], Vert, 3
[[1, 1], [0, 1], [0, 0], [2, 2], [0, 2], [2, 0], [1, 2], [2, 1]], Vert, 3
[[1, 1], [0, 1], [0, 0], [2, 2], [0, 2], [2, 0], [1, 0], [2, 1]], Vert, 3
[[1, 1], [0, 1], [0, 0], [2, 2], [0, 2], [2, 0], [1, 2], [2, 1]], Vert, 3
[[1, 1], [0, 0], [2, 2], [0, 2], [0, 1], [1, 0], [2, 1]], Hori, 3
[[1, 1], [0, 0], [2, 2], [0, 2], [0, 1], [2, 0], [2, 1]], Hori, 3
[[1, 1], [2, 0], [0, 2], [2, 1], [2, 2], [0, 0], [1, 2]], Hori, 3
[[0, 0], [2, 2], [2, 0], [0, 2], [1, 0]], Hori, 3
[[1, 1], [2, 0], [2, 2], [1, 0], [0, 0]], Diag, 3
[[0, 2], [0, 0], [1, 1], [0, 1], [2, 0]], Diag, 3
[[1, 1], [0, 0], [1, 0], [1, 2], [2, 0], [2, 2], [0, 1], [0, 2]], Hori, 3
[[1, 1]], InPr, 3
[[0, 0], [1, 1]], InPr, 3
[[1, 1], [0, 2], [2, 2], [0, 0], [0, 1]], InPr, 3
[[0, 0], [1, 1], [0, 2], [0, 1], [1, 2], [2, 1]], Hori, 3
[[3, 0], [3, 1], [2, 1], [2, 0], [1, 2], [0, 0], [0, 3]], Diag, 4
[[5, 0], [0, 0], [5, 1], [0, 1], [5, 2], [0, 2], [5, 3], [0, 3], [5, 4], [0, 4], [5, 5]], Vert, 6
[[9, 0], [6, 5], [8, 1], [5, 8], [7, 2], [3, 3], [6, 3], [3, 0], [5, 4], [0, 0], [4, 5], [4, 0], [3, 6], [6, 0], [2, 6], [1, 0], [2, 7], [5, 5], [1, 8], [5, 3], [0, 9]], Diag, 10
[[34, 34], [0, 0], [1, 1], [0, 1], [5, 6], [0, 2], [0, 4], [0, 3]], InPr, 60
[[0, 0], [3, 3], [2, 1]], InPr, 6
[[1, 1], [1, 2], [0, 2], [2, 0], [0, 0], [1, 0], [0, 1]], Vert, 3
